30
1     2      4      4   17      3   11 
2     3      3      3   20      2   12 
3     4      4      4   12      3   8 
4     3      4      4   8      2   10 
5     4      4      2   12      3   15 
6     3      4      4   5      4   8 
7     2      3      3   8      3   20 
8     4      3      2   13      2   9 
9     4      3      3   15      2   13 
10     3      4      4   18      3   8 
11     3      3      3   8      2   12 
12     4      4      2   17      3   11 
13     2      4      3   19      4   13 
14     4      4      2   15      3   16 
15     3      4      3   12      3   17 
16     3      4      4   18      2   11 
17     2      4      2   15      3   16 
18     3      4      2   19      2   12 
19     3      3      2   16      2   18 
20     3      3      3   19      3   17 
21     3      4      4   20      4   16 
22     3      3      3   16      3   20 
23     4      4      3   5      4   11 
24     2      4      2   16      4   12 
25     2      4      3   20      2   17 
26     4      4      2   11      2   7 
27     4      3      2   19      3   10 
28     4      4      3   14      4   8 
29     4      3      3   10      3   10 
30     4      4      3   7      4   11 
